     7624    28286       10        2  27.4336
     7611    29643       11        5  31.4602
     9046    16033       13        3  49.7257
    26404     8070       10        4  29.7345
    24533    12141       12        3  43.7257
    12180     1823       11        2  31.4336
    25081     6392       14        2  43.4336
    14912    19883       10        1  16.8584
    17615    11079       12        3  43.7257
     4147    14773       13        4  53.7345
    12559     6760       10        2  27.4336
    20928    28919       10        5  21.4602
    22944    22737       14        4  61.7345
      298    18519       13        4  53.7345
    16236    31736       12        2  35.4336
    12945    25636       12        1  20.8584
    18534    10034       12        2  35.4336
    19743     9361       12        3  43.7257
    30168     6352       11        5  31.4602
    18804     6769       12        2  35.4336
    17904    13688       13        2  39.4336
     6478       52       12        5  41.4602
     3213    11712       14        3  55.7257
     9340    29473       12        3  43.7257
    20294     6672       14        1  24.8584
     1796    26837       11        2  31.4336
    28859    10425       14        3  55.7257
    31890     7419       10        1  16.8584
    14112    14928       13        1  22.8584
     9507    29516       11        5  31.4602
    31238     2128       10        5  21.4602
     3826     2506       14        5  61.4602
      875    12783       11        2  31.4336
    12707    30520       10        5  21.4602
    28676    19264       10        4  29.7345
    18094    29148       13        4  53.7345
     6858    19081       11        3  37.7257
    11021    23160       13        3  49.7257
    24514    28646       14        1  24.8584
    13864    26502       10        4  29.7345
    16912      798       14        5  61.4602
    12800    27826       11        1  18.8584
    16702      965       11        3  37.7257
    24730    31388       14        1  24.8584
    27081    10130       10        3  31.7257
    15022    21198       10        1  16.8584
    27885    17154       11        2  31.4336
    21392    27643       14        1  24.8584
    19377    30764       14        3  55.7257
     3677      634       13        4  53.7345
    24884    18407       12        2  35.4336
     4202    28929       14        4  61.7345
    22585    24857       13        3  49.7257
     7401    19877       12        4  45.7345
    22512    19041       10        2  27.4336
    17885     1809       13        4  53.7345
    29703    16873       12        5  41.4602
     7743    32262       13        3  49.7257
    11248    28548       11        1  18.8584
    22896    22290       14        1  24.8584
     1396    17679       11        5  31.4602
      994      148       10        5  21.4602
     3704    10501       12        5  41.4602
    16641    10479       11        5  31.4602
    21006    18274       10        2  27.4336
    14951     8461       12        1  20.8584
     3262     9405       13        2  39.4336
    11328    26391       13        2  39.4336
    11286    20384       10        3  31.7257
    15099    21874       10        3  31.7257
    25967    19498       13        5  51.4602
    32305    12796       11        4  37.7345
    28673     5608       14        1  24.8584
    27866     6535       14        1  24.8584
    11817    21487       10        5  21.4602
     5805      918       12        2  35.4336
    20985     6974       11        1  18.8584
    22231    23126       14        2  43.4336
    18688    23378       11        4  37.7345
    27616    25310       14        5  61.4602
    31579    20745       12        1  20.8584
     8409    29099       11        1  18.8584
    10748     7099       13        1  22.8584
    29641    10070       12        1  20.8584
    30776    20630       11        3  37.7257
    25945    12695       11        3  37.7257
    27799    10297       11        5  31.4602
    23999    19582       12        4  45.7345
    29911     8852       10        2  27.4336
    21224    32751       11        3  37.7257
    14657    15614       13        2  39.4336
     7144    21854       14        1  24.8584
    19247     5783       14        4  61.7345
     7589      460       12        2  35.4336
    31453     7904       10        4  29.7345
    15554    16385       11        4  37.7345
    24688    10904       14        2  43.4336
    16585    22282       11        1  18.8584
    25668     2776       13        1  22.8584
     5277     2293       12        2  35.4336
